.Random.seed <-
c(10403L, 10L, -1113079949L, 1777811857L, -1988521024L, -1361971810L, 
1666369385L, -854244453L, -409752918L, 580289740L, 564116879L, 
1504385477L, -1022665348L, -1931909678L, 1333616973L, 102704135L, 
-348826642L, -755696952L, 253933003L, -677122007L, 1244796536L, 
784380838L, -858122815L, -2023574957L, -1743406846L, -1465995212L, 
1378142647L, -819192403L, -25659708L, -1188996374L, -1755996843L, 
791958255L, -516968202L, -715042784L, -383077917L, -1269247359L, 
-1300808464L, 274854798L, 2103987449L, 306214539L, -1449097542L, 
-384955972L, -415204609L, 377929301L, -1578841748L, -789882430L, 
2088391197L, 1551157911L, 864551934L, 847765432L, 859788187L, 
1977874937L, -1453455032L, -1679870858L, -916266575L, -694857757L, 
1006947506L, 1161330948L, -741184953L, 639274269L, 1121958804L, 
1206775610L, 1595282309L, 1519618143L, 1748744934L, 1686946160L, 
1743211155L, -1157500111L, -2096123424L, -737819010L, 2023009545L, 
131694395L, 1181423370L, -1602550036L, -301993105L, -1471839067L, 
-762104228L, 2007907890L, -365617875L, 701598695L, -280990962L, 
-1358230296L, -423221525L, -1084471415L, 382497560L, -1293433274L, 
1067538081L, -1776568013L, -685074270L, -1942546540L, -969755113L, 
-531340787L, -229345500L, -1701104886L, -379797899L, -1841300017L, 
-1003739434L, 945924736L, 1616581827L, 815518305L, -616715568L, 
-724972498L, -234610215L, 2024062443L, -1696933798L, 342186524L, 
974011167L, 2092363637L, -998492660L, 1446211554L, -108194627L, 
601166647L, 1068530654L, -1042925288L, 790563963L, 443560473L, 
-54480216L, -363702186L, 1140634833L, -49426301L, 28828434L, 
-351570268L, 1009394279L, 33536957L, 1661547828L, -505049446L, 
464461029L, 273669759L, -1203730426L, 218573712L, -979503565L, 
948135377L, -1216432256L, 1784261214L, -71921239L, 2106458203L, 
729012330L, -845203188L, -734211249L, -415657979L, -907137348L, 
-786585710L, 526832781L, -2043768121L, -1760296018L, 1366007304L, 
-2071850485L, 1675117289L, 1052863928L, 827656806L, 354367233L, 
-1097612909L, -845194686L, -1137627660L, 2074302455L, 921586669L, 
149382276L, 1102494378L, -999247851L, -1181353809L, -493775178L, 
1487135968L, -120051677L, 957527873L, -928204240L, -30300082L, 
650827961L, 782568651L, -692924038L, -364360580L, 390572223L, 
-1544561259L, -601121364L, -481331326L, 170646877L, 973001815L, 
-600067266L, 174005112L, 2106447963L, 1794629561L, -2111545848L, 
-2117808970L, 1731091441L, -1933793757L, 325506674L, 211356868L, 
-342701433L, -679525795L, -1179794348L, -1332162950L, 1284500933L, 
-97431777L, 624245414L, -328991696L, -1004314925L, -1137230607L, 
-879732704L, 2132115134L, 497048265L, 54472827L, -1612435894L, 
192240300L, -2106274385L, -765657755L, -873338084L, -1754329230L, 
380675053L, -1552653273L, 1899625550L, 1331577000L, -2066551125L, 
-128644151L, -1551915048L, 1684549254L, 1002911585L, -680301837L, 
921351522L, -805813292L, -117086505L, -844591923L, -1907143580L, 
-1229258166L, -1693907019L, 2015943439L, 1826842646L, -1722584384L, 
1382974595L, -2101022559L, 1341191824L, 1124721488L, 1313233186L, 
263585096L, -527038452L, -280887204L, -678679342L, 2018953216L, 
442530644L, -1865782808L, 1815388154L, 181231312L, -456166100L, 
-1611443980L, 816936850L, 89234528L, -245469940L, -952205600L, 
-469443230L, -733105496L, 883944012L, 2037860220L, -1999275214L, 
903489136L, -1207644860L, -357999656L, -230940550L, 1368176176L, 
-215821636L, 894150484L, 801985090L, 1430016928L, -2134363972L, 
1661225424L, -468699806L, 1299495912L, 1358544844L, -428435716L, 
679174130L, 995912832L, -1088292620L, 1520702600L, 556000570L, 
1754374992L, -484307860L, -1573678956L, 150583634L, -43317536L, 
1731920076L, -1254346592L, 1073492354L, 826962152L, -1206427412L, 
2017181756L, -376422286L, -312170384L, 1743542820L, 74367544L, 
1644352026L, -1198950192L, 1441863228L, -188738412L, 435070082L, 
-497930304L, 1027495228L, -2026150256L, -1022051294L, 1461733384L, 
-1000262516L, -1786591204L, 1687127186L, -1401176960L, -545407980L, 
1043141416L, -3716038L, 185744592L, 1354615916L, 1939371700L, 
1709711378L, 1436024800L, -574819380L, 197047776L, -1406223326L, 
-364710616L, -1496030964L, -1836294596L, -221653774L, 1475844336L, 
-1231812796L, 1376059480L, -1257604550L, 1352132848L, -122096964L, 
1501188628L, -475296574L, 864921184L, 1564161404L, -1694610224L, 
2138676258L, 1178601640L, -1030734452L, 1138829756L, 702306354L, 
1149729600L, 1350698676L, -1431883448L, 1530208954L, 2126173968L, 
1846708460L, 845813844L, 1902898962L, -681967200L, -2142122036L, 
-1372924064L, 689763522L, 516382248L, -988870228L, -1507175620L, 
-492424334L, -476670160L, -277190620L, -830243272L, 399692506L, 
-1071700080L, -1700369156L, -924396140L, 319099714L, 499599872L, 
931833916L, 1245407824L, 385384610L, 119968584L, 729473548L, 
1585525468L, 1000532050L, -742642560L, -1566380204L, 1133215720L, 
-1194460422L, 1002520400L, -503147476L, -1087016588L, -1526204782L, 
680401504L, 1853053068L, 1390741856L, 268527842L, -773987160L, 
2141478604L, -1054807556L, -359746638L, 1477901296L, -1634063932L, 
-722260648L, 1731991930L, -1747248720L, 891281852L, 2100039252L, 
-1892042302L, 1932970784L, 160750524L, 1996615760L, 1773970402L, 
1454491496L, -1419944116L, -670265604L, 1717178098L, 1714474240L, 
-784440204L, -874418680L, -1127252550L, 810714576L, -1720143892L, 
-570389612L, 125448402L, 1907997792L, 336164172L, -1182299360L, 
779352706L, 601629160L, -480287764L, -1278601668L, -1609580942L, 
-1315310736L, 1629867300L, 88463928L, -286813798L, 357352912L, 
-1961302596L, -970635628L, -1242201470L, -795142720L, -81776836L, 
993555088L, -1519130846L, 1169708552L, 1391952652L, -940450916L, 
608437266L, 1431819136L, 1468599060L, 1285010728L, -83324870L, 
493958096L, -1829184916L, -901891020L, -928442222L, -195673760L, 
124955980L, 1546210784L, -1016286302L, 1853229992L, 341855372L, 
-411794500L, -829703054L, -1437902864L, -1142287292L, 1488959576L, 
-1453039558L, 440578160L, -464562628L, 1751521044L, 1619569346L, 
-1511763232L, -1446228868L, -820577072L, -741815390L, -1774899672L, 
943243058L, -740876921L, 2056815569L, 1525390678L, -1837214924L, 
1652002373L, 277682831L, -1221651448L, -1281277914L, -2105425709L, 
854749749L, 1359237522L, -998566560L, -1803158327L, 378830843L, 
771227596L, -706932134L, 609349455L, -2043208167L, -569041874L, 
56656444L, 1854996397L, 627095639L, 1553194400L, -23556354L, 
1674841547L, 1892129741L, 1118621434L, 41821496L, -652144927L, 
1944871315L, 1085753780L, 1728076482L, 39168727L, 1188387617L, 
-1608172826L, -573260828L, -617366763L, 1432265535L, 715474648L, 
762954486L, -282297085L, 1579439685L, 941026914L, -815274544L, 
-634694919L, -1835032533L, -1004572772L, -907739190L, -312149825L, 
1670310409L, 2133959454L, 33737420L, 1622344349L, -842445017L, 
-641973936L, 1779068910L, -1975291749L, -2024244483L, -179199510L, 
-835548536L, -1534452687L, -854659421L, -2142435676L, -499366062L, 
2134044327L, 1564742385L, 1486748214L, -132442412L, -1899447707L, 
-1016145809L, 692452008L, 1127663622L, 307373363L, 1264576917L, 
-1898433038L, 1004866112L, -735452247L, 1107688987L, 146020332L, 
1042956282L, 1210704943L, -148876231L, 350553678L, -1234274660L, 
101436429L, 168120439L, 2008864896L, 884858590L, 803091883L, 
11142829L, 1958730522L, 1488503768L, 648093761L, 384847603L, 
-687460076L, -904346462L, -477486665L, 289465729L, 1063875462L, 
1567506884L, -649582347L, 215542111L, -1466424392L, -369752426L, 
-1115451229L, 1252530789L, -1008185470L, 1602569456L, -1519985511L, 
-281807733L, 439287164L, -1259844694L, -595358753L, 606593385L, 
1391971710L, -967488148L, 587978173L, -1807493497L, 2107650672L, 
-1764157170L, -268302789L, -192752355L, 435666890L, -814249752L, 
-2068935727L, 1949887939L, -343726396L, 1517628786L, -1063419833L, 
438633489L, -1281694314L, 1366292724L, -1911967099L, -275678257L, 
1856418504L, 1931645798L, 1684466067L, 1288823541L, 1785592530L, 
-341613280L, 1401277705L, 1321638459L, -1584033908L, 1927941658L, 
-1182065L, -401141287L, -306010514L, -933558788L, 2092040045L, 
